4.000000e+00	2.372253e+01	-inf	2.372253e+01
4.010000e+00	2.370776e+01	-inf	2.370776e+01
4.020000e+00	2.369303e+01	-inf	2.369303e+01
4.030000e+00	2.367834e+01	-inf	2.367834e+01
4.040000e+00	2.366368e+01	-inf	2.366368e+01
4.050000e+00	2.364907e+01	-inf	2.364907e+01
4.060000e+00	2.363448e+01	-inf	2.363448e+01
4.070000e+00	2.361994e+01	-inf	2.361994e+01
4.080000e+00	2.360542e+01	-inf	2.360542e+01
4.090000e+00	2.359095e+01	-inf	2.359095e+01
4.100000e+00	2.357650e+01	-inf	2.357650e+01
4.110000e+00	2.356209e+01	-inf	2.356209e+01
4.120000e+00	2.354772e+01	-inf	2.354772e+01
4.130000e+00	2.353338e+01	-inf	2.353338e+01
4.140000e+00	2.351907e+01	-inf	2.351907e+01
4.150000e+00	2.350480e+01	-inf	2.350480e+01
4.160000e+00	2.349055e+01	-inf	2.349055e+01
4.170000e+00	2.347634e+01	-inf	2.347634e+01
4.180000e+00	2.346216e+01	-inf	2.346216e+01
4.190000e+00	2.344801e+01	-inf	2.344801e+01
4.200000e+00	2.343389e+01	-inf	2.343389e+01
4.210000e+00	2.341981e+01	-inf	2.341981e+01
4.220000e+00	2.340575e+01	-inf	2.340575e+01
4.230000e+00	2.339172e+01	-inf	2.339172e+01
4.240000e+00	2.337772e+01	-inf	2.337772e+01
4.250000e+00	2.336375e+01	-inf	2.336375e+01
4.260000e+00	2.334981e+01	-inf	2.334981e+01
4.270000e+00	2.333590e+01	-inf	2.333590e+01
4.280000e+00	2.332201e+01	-inf	2.332201e+01
4.290000e+00	2.330815e+01	-inf	2.330815e+01
4.300000e+00	2.329432e+01	-inf	2.329432e+01
4.310000e+00	2.328051e+01	-inf	2.328051e+01
4.320000e+00	2.326673e+01	-inf	2.326673e+01
4.330000e+00	2.325298e+01	-inf	2.325298e+01
4.340000e+00	2.323925e+01	-inf	2.323925e+01
4.350000e+00	2.322555e+01	-inf	2.322555e+01
4.360000e+00	2.321187e+01	-inf	2.321187e+01
4.370000e+00	2.319822e+01	-inf	2.319822e+01
4.380000e+00	2.318459e+01	-inf	2.318459e+01
4.390000e+00	2.317098e+01	-inf	2.317098e+01
4.400000e+00	2.315739e+01	-inf	2.315739e+01
4.410000e+00	2.314383e+01	-inf	2.314383e+01
4.420000e+00	2.313030e+01	-inf	2.313030e+01
4.430000e+00	2.311678e+01	-inf	2.311678e+01
4.440000e+00	2.310328e+01	-inf	2.310328e+01
4.450000e+00	2.308981e+01	-inf	2.308981e+01
4.460000e+00	2.307636e+01	-inf	2.307636e+01
4.470000e+00	2.306293e+01	-inf	2.306293e+01
4.480000e+00	2.304952e+01	-inf	2.304952e+01
4.490000e+00	2.303612e+01	-inf	2.303612e+01
4.500000e+00	2.302275e+01	-inf	2.302275e+01
4.510000e+00	2.300940e+01	-inf	2.300940e+01
4.520000e+00	2.299607e+01	-inf	2.299607e+01
4.530000e+00	2.298275e+01	-inf	2.298275e+01
4.540000e+00	2.296946e+01	-inf	2.296946e+01
4.550000e+00	2.295618e+01	-inf	2.295618e+01
4.560000e+00	2.294292e+01	-inf	2.294292e+01
4.570000e+00	2.292967e+01	-inf	2.292967e+01
4.580000e+00	2.291645e+01	-inf	2.291645e+01
4.590000e+00	2.290324e+01	-inf	2.290324e+01
4.600000e+00	2.289004e+01	-inf	2.289004e+01
4.610000e+00	2.287687e+01	-inf	2.287687e+01
4.620000e+00	2.286371e+01	-inf	2.286371e+01
4.630000e+00	2.285056e+01	-inf	2.285056e+01
4.640000e+00	2.283743e+01	-inf	2.283743e+01
4.650000e+00	2.282431e+01	-inf	2.282431e+01
4.660000e+00	2.281121e+01	-inf	2.281121e+01
4.670000e+00	2.279813e+01	-inf	2.279813e+01
4.680000e+00	2.278506e+01	-inf	2.278506e+01
4.690000e+00	2.277200e+01	-inf	2.277200e+01
4.700000e+00	2.275895e+01	-inf	2.275895e+01
4.710000e+00	2.274592e+01	-inf	2.274592e+01
4.720000e+00	2.273290e+01	-inf	2.273290e+01
4.730000e+00	2.271990e+01	-inf	2.271990e+01
4.740000e+00	2.270690e+01	-inf	2.270690e+01
4.750000e+00	2.269392e+01	-inf	2.269392e+01
4.760000e+00	2.268095e+01	-inf	2.268095e+01
4.770000e+00	2.266800e+01	-inf	2.266800e+01
4.780000e+00	2.265505e+01	-inf	2.265505e+01
4.790000e+00	2.264212e+01	-inf	2.264212e+01
4.800000e+00	2.262919e+01	-inf	2.262919e+01
4.810000e+00	2.261628e+01	-inf	2.261628e+01
4.820000e+00	2.260338e+01	-inf	2.260338e+01
4.830000e+00	2.259049e+01	-inf	2.259049e+01
4.840000e+00	2.257760e+01	-inf	2.257760e+01
4.850000e+00	2.256473e+01	-inf	2.256473e+01
4.860000e+00	2.255187e+01	-inf	2.255187e+01
4.870000e+00	2.253902e+01	-inf	2.253902e+01
4.880000e+00	2.252617e+01	-inf	2.252617e+01
4.890000e+00	2.251334e+01	-inf	2.251334e+01
4.900000e+00	2.250051e+01	-inf	2.250051e+01
4.910000e+00	2.248770e+01	-inf	2.248770e+01
4.920000e+00	2.247489e+01	-inf	2.247489e+01
4.930000e+00	2.246209e+01	-inf	2.246209e+01
4.940000e+00	2.244930e+01	-inf	2.244930e+01
4.950000e+00	2.243651e+01	-inf	2.243651e+01
4.960000e+00	2.242373e+01	-inf	2.242373e+01
4.970000e+00	2.241097e+01	-inf	2.241097e+01
4.980000e+00	2.241374e+01	-inf	2.241374e+01
4.990000e+00	2.241652e+01	-inf	2.241652e+01
5.000000e+00	2.241930e+01	-inf	2.241930e+01
5.010000e+00	2.242209e+01	-inf	2.242209e+01
5.020000e+00	2.242490e+01	-inf	2.242490e+01
5.030000e+00	2.242770e+01	-inf	2.242770e+01
5.040000e+00	2.243052e+01	-inf	2.243052e+01
5.050000e+00	2.243335e+01	-inf	2.243335e+01
5.060000e+00	2.243618e+01	-inf	2.243618e+01
5.070000e+00	2.243902e+01	-inf	2.243902e+01
5.080000e+00	2.244188e+01	-inf	2.244188e+01
5.090000e+00	2.244474e+01	-inf	2.244474e+01
5.100000e+00	2.244761e+01	-inf	2.244761e+01
5.110000e+00	2.245049e+01	-inf	2.245049e+01
5.120000e+00	2.245338e+01	-inf	2.245338e+01
5.130000e+00	2.245629e+01	-inf	2.245629e+01
5.140000e+00	2.245920e+01	-inf	2.245920e+01
5.150000e+00	2.246212e+01	-inf	2.246212e+01
5.160000e+00	2.246506e+01	-inf	2.246506e+01
5.170000e+00	2.246800e+01	-inf	2.246800e+01
5.180000e+00	2.247096e+01	-inf	2.247096e+01
5.190000e+00	2.247393e+01	-inf	2.247393e+01
5.200000e+00	2.247691e+01	-inf	2.247691e+01
5.210000e+00	2.247990e+01	-inf	2.247990e+01
5.220000e+00	2.248291e+01	-inf	2.248291e+01
5.230000e+00	2.248593e+01	-inf	2.248593e+01
5.240000e+00	2.248896e+01	-inf	2.248896e+01
5.250000e+00	2.249200e+01	-inf	2.249200e+01
5.260000e+00	2.249472e+01	-inf	2.249472e+01
5.270000e+00	2.249747e+01	-inf	2.249747e+01
5.280000e+00	2.250029e+01	-inf	2.250029e+01
5.290000e+00	2.250314e+01	-inf	2.250314e+01
5.300000e+00	2.250600e+01	-inf	2.250600e+01
5.310000e+00	2.250886e+01	-inf	2.250886e+01
5.320000e+00	2.251171e+01	-inf	2.251171e+01
5.330000e+00	2.251457e+01	-inf	2.251457e+01
5.340000e+00	2.251743e+01	-inf	2.251743e+01
5.350000e+00	2.252028e+01	-inf	2.252028e+01
5.360000e+00	2.252312e+01	-inf	2.252312e+01
5.370000e+00	2.252596e+01	-inf	2.252596e+01
5.380000e+00	2.252878e+01	2.418816e+01	2.419757e+01
5.390000e+00	2.253161e+01	2.438544e+01	2.439148e+01
5.400000e+00	2.253440e+01	2.451818e+01	2.452266e+01
5.410000e+00	2.253717e+01	2.462303e+01	2.462658e+01
5.420000e+00	2.253995e+01	2.471668e+01	2.471956e+01
5.430000e+00	2.254270e+01	2.480007e+01	2.480246e+01
5.440000e+00	2.254543e+01	2.488088e+01	2.488288e+01
5.450000e+00	2.254813e+01	2.495503e+01	2.495673e+01
5.460000e+00	2.255079e+01	2.502543e+01	2.502688e+01
5.470000e+00	2.255344e+01	2.509609e+01	2.509733e+01
5.480000e+00	2.255608e+01	2.514007e+01	2.514120e+01
5.490000e+00	2.255867e+01	2.517859e+01	2.517963e+01
5.500000e+00	2.256123e+01	2.522792e+01	2.522885e+01
5.510000e+00	2.256379e+01	2.527947e+01	2.528030e+01
5.520000e+00	2.256629e+01	2.533402e+01	2.533476e+01
5.530000e+00	2.256878e+01	2.538873e+01	2.538938e+01
5.540000e+00	2.257122e+01	2.544202e+01	2.544261e+01
5.550000e+00	2.257365e+01	2.549428e+01	2.549480e+01
5.560000e+00	2.257608e+01	2.555034e+01	2.555080e+01
5.570000e+00	2.257844e+01	2.560181e+01	2.560222e+01
5.580000e+00	2.258079e+01	2.565405e+01	2.565441e+01
5.590000e+00	2.258292e+01	2.570708e+01	2.570741e+01
5.600000e+00	2.258507e+01	2.575770e+01	2.575799e+01
5.610000e+00	2.258737e+01	2.580938e+01	2.580964e+01
5.620000e+00	2.258969e+01	2.585971e+01	2.585994e+01
5.630000e+00	2.259196e+01	2.590689e+01	2.590710e+01
5.640000e+00	2.259417e+01	2.595579e+01	2.595598e+01
5.650000e+00	2.259640e+01	2.599738e+01	2.599755e+01
5.660000e+00	2.259858e+01	2.604408e+01	2.604423e+01
5.670000e+00	2.260079e+01	2.608421e+01	2.608435e+01
5.680000e+00	2.259735e+01	2.612539e+01	2.612552e+01
5.690000e+00	2.259385e+01	2.616684e+01	2.616696e+01
5.700000e+00	2.259040e+01	2.620538e+01	2.620549e+01
5.710000e+00	2.258680e+01	2.624593e+01	2.624603e+01
5.720000e+00	2.258336e+01	2.628055e+01	2.628063e+01
5.730000e+00	2.257977e+01	2.631556e+01	2.631564e+01
5.740000e+00	2.257624e+01	2.634803e+01	2.634811e+01
5.750000e+00	2.257267e+01	2.638181e+01	2.638188e+01
5.760000e+00	2.256905e+01	2.641299e+01	2.641305e+01
5.770000e+00	2.256552e+01	2.644423e+01	2.644428e+01
5.780000e+00	2.256180e+01	2.647549e+01	2.647555e+01
5.790000e+00	2.255817e+01	2.650396e+01	2.650401e+01
5.800000e+00	2.255450e+01	2.653387e+01	2.653391e+01
5.810000e+00	2.255093e+01	2.655892e+01	2.655896e+01
5.820000e+00	2.254717e+01	2.658871e+01	2.658875e+01
5.830000e+00	2.254352e+01	2.661643e+01	2.661647e+01
5.840000e+00	2.253982e+01	2.663936e+01	2.663939e+01
5.850000e+00	2.253608e+01	2.666885e+01	2.666888e+01
5.860000e+00	2.253230e+01	2.669546e+01	2.669549e+01
5.870000e+00	2.252864e+01	2.672209e+01	2.672211e+01
5.880000e+00	2.252477e+01	2.674362e+01	2.674365e+01
5.890000e+00	2.252103e+01	2.677019e+01	2.677021e+01
5.900000e+00	2.251725e+01	2.679372e+01	2.679374e+01
5.910000e+00	2.251342e+01	2.681718e+01	2.681721e+01
5.920000e+00	2.250955e+01	2.683751e+01	2.683753e+01
5.930000e+00	2.250584e+01	2.686330e+01	2.686332e+01
5.940000e+00	2.250188e+01	2.688348e+01	2.688350e+01
5.950000e+00	2.249809e+01	2.690927e+01	2.690928e+01
5.960000e+00	2.249404e+01	2.692611e+01	2.692612e+01
5.970000e+00	2.249015e+01	2.694869e+01	2.694870e+01
5.980000e+00	2.248623e+01	2.697124e+01	2.697125e+01
5.990000e+00	2.248226e+01	2.699058e+01	2.699060e+01
6.000000e+00	2.247820e+01	2.701301e+01	2.701302e+01
6.010000e+00	2.247392e+01	2.703218e+01	2.703219e+01
6.020000e+00	2.246982e+01	2.705124e+01	2.705125e+01
6.030000e+00	2.246561e+01	2.707345e+01	2.707346e+01
6.040000e+00	2.246127e+01	2.709231e+01	2.709232e+01
6.050000e+00	2.245680e+01	2.710782e+01	2.710783e+01
6.060000e+00	2.245217e+01	2.712985e+01	2.712986e+01
6.070000e+00	2.244787e+01	2.714504e+01	2.714505e+01
6.080000e+00	2.244291e+01	2.716688e+01	2.716689e+01
6.090000e+00	2.243774e+01	2.718168e+01	2.718169e+01
6.100000e+00	2.243294e+01	2.720008e+01	2.720009e+01
6.110000e+00	2.242795e+01	2.721860e+01	2.721861e+01
6.120000e+00	2.242202e+01	2.723607e+01	2.723607e+01
6.130000e+00	2.241657e+01	2.725236e+01	2.725237e+01
6.140000e+00	2.241106e+01	2.726991e+01	2.726992e+01
6.150000e+00	2.240472e+01	2.728881e+01	2.728882e+01
6.160000e+00	2.239912e+01	2.730918e+01	2.730918e+01
6.170000e+00	2.239265e+01	2.733539e+01	2.733540e+01
6.180000e+00	2.238609e+01	2.735906e+01	2.735906e+01
6.190000e+00	2.238626e+01	2.738877e+01	2.738878e+01
6.200000e+00	2.238712e+01	2.740808e+01	2.740808e+01
6.210000e+00	2.238691e+01	2.744142e+01	2.744142e+01
6.220000e+00	2.238742e+01	2.746358e+01	2.746359e+01
6.230000e+00	2.238677e+01	2.749905e+01	2.749906e+01
6.240000e+00	2.238585e+01	2.752579e+01	2.752579e+01
6.250000e+00	2.238356e+01	2.755145e+01	2.755145e+01
6.260000e+00	2.238202e+01	2.757431e+01	2.757432e+01
6.270000e+00	2.237896e+01	2.760657e+01	2.760658e+01
6.280000e+00	2.237670e+01	2.763553e+01	2.763553e+01
6.290000e+00	2.237276e+01	2.766744e+01	2.766744e+01
6.300000e+00	2.236830e+01	2.769081e+01	2.769082e+01
6.310000e+00	2.236328e+01	2.771151e+01	2.771151e+01
6.320000e+00	2.235765e+01	2.774598e+01	2.774598e+01
6.330000e+00	2.235135e+01	2.777105e+01	2.777106e+01
6.340000e+00	2.234435e+01	2.779074e+01	2.779074e+01
6.350000e+00	2.233657e+01	2.781768e+01	2.781768e+01
6.360000e+00	2.232598e+01	2.785229e+01	2.785229e+01
6.370000e+00	2.231641e+01	2.787131e+01	2.787131e+01
6.380000e+00	2.230491e+01	2.789650e+01	2.789651e+01
6.390000e+00	2.229301e+01	2.792340e+01	2.792341e+01
6.400000e+00	2.227990e+01	2.794987e+01	2.794987e+01
6.410000e+00	2.226757e+01	2.796261e+01	2.796261e+01
6.420000e+00	2.225174e+01	2.798854e+01	2.798854e+01
6.430000e+00	2.223679e+01	2.800864e+01	2.800864e+01
6.440000e+00	2.221843e+01	2.803376e+01	2.803377e+01
6.450000e+00	2.220157e+01	2.806044e+01	2.806044e+01
6.460000e+00	2.218107e+01	2.807965e+01	2.807965e+01
6.470000e+00	2.215939e+01	2.809366e+01	2.809366e+01
6.480000e+00	2.213648e+01	2.811239e+01	2.811239e+01
6.490000e+00	2.211230e+01	2.813370e+01	2.813370e+01
6.500000e+00	2.208681e+01	2.814722e+01	2.814722e+01
6.510000e+00	2.205994e+01	2.816040e+01	2.816040e+01
6.520000e+00	2.203167e+01	2.817327e+01	2.817327e+01
6.530000e+00	2.200194e+01	2.818583e+01	2.818583e+01
6.540000e+00	2.196737e+01	2.819290e+01	2.819290e+01
6.550000e+00	2.193326e+01	2.820398e+01	2.820398e+01
6.560000e+00	2.189256e+01	2.820830e+01	2.820830e+01
6.570000e+00	2.184725e+01	2.821571e+01	2.821571e+01
6.580000e+00	2.180469e+01	2.822116e+01	2.822116e+01
6.590000e+00	2.175728e+01	2.822025e+01	2.822025e+01
6.600000e+00	2.171278e+01	2.821749e+01	2.821749e+01
6.610000e+00	2.166355e+01	2.821669e+01	2.821669e+01
6.620000e+00	2.161815e+01	2.821372e+01	2.821372e+01
6.630000e+00	2.156847e+01	2.820845e+01	2.820845e+01
6.640000e+00	2.151861e+01	2.820968e+01	2.820968e+01
6.650000e+00	2.146861e+01	2.819958e+01	2.819958e+01
6.660000e+00	2.141439e+01	2.819538e+01	2.819538e+01
6.670000e+00	2.136423e+01	2.818422e+01	2.818422e+01
6.680000e+00	2.130991e+01	2.817553e+01	2.817553e+01
6.690000e+00	2.125561e+01	2.816764e+01	2.816764e+01
6.700000e+00	2.120548e+01	2.815370e+01	2.815370e+01
6.710000e+00	2.115134e+01	2.814198e+01	2.814198e+01
6.720000e+00	2.109326e+01	2.812605e+01	2.812605e+01
6.730000e+00	2.103899e+01	2.811170e+01	2.811170e+01
6.740000e+00	2.098496e+01	2.809566e+01	2.809566e+01
6.750000e+00	2.093130e+01	2.807271e+01	2.807271e+01
6.760000e+00	2.087406e+01	2.805368e+01	2.805368e+01
6.770000e+00	2.082136e+01	2.803067e+01	2.803067e+01
6.780000e+00	2.076530e+01	2.800099e+01	2.800099e+01
6.790000e+00	2.071382e+01	2.797686e+01	2.797686e+01
6.800000e+00	2.065923e+01	2.795072e+01	2.795072e+01
6.810000e+00	2.060554e+01	2.791718e+01	2.791718e+01
6.820000e+00	2.055284e+01	2.788710e+01	2.788710e+01
6.830000e+00	2.050477e+01	2.784983e+01	2.784983e+01
6.840000e+00	2.045422e+01	2.781742e+01	2.781742e+01
6.850000e+00	2.040493e+01	2.777885e+01	2.777885e+01
6.860000e+00	2.035697e+01	2.773962e+01	2.773962e+01
6.870000e+00	2.031042e+01	2.770162e+01	2.770162e+01
6.880000e+00	2.026537e+01	2.765563e+01	2.765563e+01
6.890000e+00	2.022186e+01	2.761658e+01	2.761658e+01
6.900000e+00	2.018275e+01	2.756974e+01	2.756974e+01
6.910000e+00	2.014250e+01	2.752989e+01	2.752989e+01
6.920000e+00	2.010389e+01	2.748408e+01	2.748408e+01
6.930000e+00	2.006693e+01	2.743635e+01	2.743635e+01
6.940000e+00	2.003165e+01	2.739004e+01	2.739004e+01
6.950000e+00	2.000017e+01	2.734299e+01	2.734299e+01
6.960000e+00	1.996804e+01	2.728986e+01	2.728986e+01
6.970000e+00	1.993750e+01	2.724235e+01	2.724235e+01
6.980000e+00	1.991029e+01	2.719478e+01	2.719478e+01
6.990000e+00	1.988265e+01	2.713997e+01	2.713997e+01
7.000000e+00	1.985801e+01	2.709239e+01	2.709239e+01
7.010000e+00	1.983449e+01	2.703917e+01	2.703917e+01
7.020000e+00	1.981205e+01	2.698598e+01	2.698598e+01
7.030000e+00	1.979060e+01	2.693849e+01	2.693849e+01
7.040000e+00	1.977007e+01	2.688545e+01	2.688545e+01
7.050000e+00	1.975039e+01	2.683094e+01	2.683094e+01
7.060000e+00	1.973147e+01	2.677812e+01	2.677812e+01
7.070000e+00	1.971420e+01	2.672544e+01	2.672544e+01
7.080000e+00	1.969622e+01	2.667135e+01	2.667135e+01
7.090000e+00	1.967968e+01	2.662467e+01	2.662467e+01
7.100000e+00	1.966241e+01	2.657100e+01	2.657100e+01
7.110000e+00	1.964644e+01	2.651919e+01	2.651919e+01
7.120000e+00	1.963069e+01	2.646606e+01	2.646606e+01
7.130000e+00	1.961512e+01	2.641323e+01	2.641323e+01
7.140000e+00	1.959968e+01	2.636247e+01	2.636247e+01
7.150000e+00	1.958434e+01	2.631043e+01	2.631043e+01
7.160000e+00	1.956998e+01	2.626266e+01	2.626266e+01
7.170000e+00	1.955563e+01	2.621153e+01	2.621153e+01
7.180000e+00	1.954125e+01	2.616107e+01	2.616107e+01
7.190000e+00	1.952682e+01	2.611522e+01	2.611522e+01
7.200000e+00	1.951230e+01	2.606675e+01	2.606675e+01
7.210000e+00	1.949862e+01	2.602288e+01	2.602288e+01
7.220000e+00	1.948385e+01	2.597671e+01	2.597671e+01
7.230000e+00	1.946990e+01	2.593509e+01	2.593509e+01
7.240000e+00	1.945578e+01	2.589464e+01	2.589464e+01
7.250000e+00	1.944148e+01	2.585540e+01	2.585540e+01
7.260000e+00	1.942803e+01	2.581503e+01	2.581503e+01
7.270000e+00	1.941332e+01	2.577827e+01	2.577827e+01
7.280000e+00	1.939947e+01	2.574029e+01	2.574029e+01
7.290000e+00	1.938427e+01	2.570813e+01	2.570813e+01
7.300000e+00	1.936997e+01	2.567089e+01	2.567089e+01
7.310000e+00	1.935542e+01	2.563910e+01	2.563910e+01
7.320000e+00	1.934061e+01	2.560217e+01	2.560217e+01
7.330000e+00	1.932552e+01	2.556793e+01	2.556793e+01
7.340000e+00	1.931014e+01	2.553370e+01	2.553370e+01
7.350000e+00	1.929446e+01	2.549943e+01	2.549943e+01
7.360000e+00	1.927843e+01	2.546503e+01	2.546503e+01
7.370000e+00	1.926204e+01	2.543044e+01	2.543044e+01
7.380000e+00	1.924674e+01	2.540128e+01	2.540128e+01
7.390000e+00	1.922961e+01	2.536873e+01	2.536873e+01
7.400000e+00	1.921228e+01	2.533897e+01	2.533897e+01
7.410000e+00	1.919484e+01	2.530557e+01	2.530557e+01
7.420000e+00	1.917733e+01	2.527159e+01	2.527159e+01
7.430000e+00	1.915968e+01	2.523698e+01	2.523698e+01
7.440000e+00	1.914191e+01	2.520799e+01	2.520799e+01
7.450000e+00	1.912242e+01	2.517847e+01	2.517847e+01
7.460000e+00	1.910272e+01	2.514840e+01	2.514840e+01
7.470000e+00	1.908283e+01	2.511776e+01	2.511776e+01
7.480000e+00	1.906274e+01	2.508653e+01	2.508653e+01
7.490000e+00	1.904079e+01	2.505789e+01	2.505789e+01
7.500000e+00	1.901852e+01	2.502556e+01	2.502556e+01
7.510000e+00	1.899596e+01	2.499935e+01	2.499935e+01
7.520000e+00	1.897139e+01	2.497192e+01	2.497192e+01
7.530000e+00	1.894637e+01	2.493623e+01	2.493624e+01
7.540000e+00	1.891919e+01	2.490631e+01	2.490631e+01
7.550000e+00	1.889142e+01	2.487520e+01	2.487520e+01
7.560000e+00	1.886130e+01	2.484609e+01	2.484609e+01
7.570000e+00	1.882668e+01	2.481259e+01	2.481259e+01
7.580000e+00	1.879106e+01	2.478836e+01	2.478836e+01
7.590000e+00	1.874671e+01	2.475839e+01	2.475839e+01
7.600000e+00	1.869825e+01	2.472416e+01	2.472416e+01
7.610000e+00	1.864285e+01	2.469138e+01	2.469138e+01
7.620000e+00	1.858096e+01	2.466558e+01	2.466558e+01
7.630000e+00	1.850821e+01	2.463253e+01	2.463253e+01
7.640000e+00	1.841729e+01	2.460222e+01	2.460222e+01
7.650000e+00	1.828594e+01	2.457434e+01	2.457435e+01
7.660000e+00	1.802211e+01	2.453955e+01	2.453955e+01
7.670000e+00	-inf	2.451367e+01	2.451367e+01
7.680000e+00	-inf	2.448101e+01	2.448101e+01
7.690000e+00	-inf	2.445201e+01	2.445201e+01
7.700000e+00	-inf	2.442592e+01	2.442592e+01
7.710000e+00	-inf	2.439758e+01	2.439758e+01
7.720000e+00	-inf	2.436970e+01	2.436970e+01
7.730000e+00	-inf	2.434202e+01	2.434202e+01
7.740000e+00	-inf	2.431039e+01	2.431039e+01
7.750000e+00	-inf	2.428074e+01	2.428074e+01
7.760000e+00	-inf	2.425313e+01	2.425313e+01
7.770000e+00	-inf	2.422026e+01	2.422026e+01
7.780000e+00	-inf	2.421325e+01	2.421325e+01
7.790000e+00	-inf	2.415776e+01	2.415776e+01
7.800000e+00	-inf	2.409884e+01	2.409884e+01
7.810000e+00	-inf	2.402874e+01	2.402874e+01
7.820000e+00	-inf	2.395121e+01	2.395121e+01
7.830000e+00	-inf	2.386524e+01	2.386524e+01
7.840000e+00	-inf	2.377797e+01	2.377797e+01
7.850000e+00	-inf	2.367626e+01	2.367626e+01
7.860000e+00	-inf	2.355743e+01	2.355743e+01
7.870000e+00	-inf	2.340844e+01	2.340844e+01
7.880000e+00	-inf	2.315676e+01	2.315676e+01
7.890000e+00	-inf	-inf	-inf
7.900000e+00	-inf	-inf	-inf
7.910000e+00	-inf	-inf	-inf
7.920000e+00	-inf	-inf	-inf
7.930000e+00	-inf	-inf	-inf
7.940000e+00	-inf	-inf	-inf
7.950000e+00	-inf	-inf	-inf
7.960000e+00	-inf	-inf	-inf
7.970000e+00	-inf	-inf	-inf
7.980000e+00	-inf	-inf	-inf
7.990000e+00	-inf	-inf	-inf
8.000000e+00	-inf	-inf	-inf
8.010000e+00	-inf	-inf	-inf
8.020000e+00	-inf	-inf	-inf
8.030000e+00	-inf	-inf	-inf
8.040000e+00	-inf	-inf	-inf
8.050000e+00	-inf	-inf	-inf
8.060000e+00	-inf	-inf	-inf
8.070000e+00	-inf	-inf	-inf
8.080000e+00	-inf	-inf	-inf
8.090000e+00	-inf	-inf	-inf
8.100000e+00	-inf	-inf	-inf
8.110000e+00	-inf	-inf	-inf
8.120000e+00	-inf	-inf	-inf
8.130000e+00	-inf	-inf	-inf
8.140000e+00	-inf	-inf	-inf
8.150000e+00	-inf	-inf	-inf
8.160000e+00	-inf	-inf	-inf
8.170000e+00	-inf	-inf	-inf
8.180000e+00	-inf	-inf	-inf
8.190000e+00	-inf	-inf	-inf
8.200000e+00	-inf	-inf	-inf
8.210000e+00	-inf	-inf	-inf
8.220000e+00	-inf	-inf	-inf
8.230000e+00	-inf	-inf	-inf
8.240000e+00	-inf	-inf	-inf
8.250000e+00	-inf	-inf	-inf
8.260000e+00	-inf	-inf	-inf
8.270000e+00	-inf	-inf	-inf
8.280000e+00	-inf	-inf	-inf
8.290000e+00	-inf	-inf	-inf
8.300000e+00	-inf	-inf	-inf
8.310000e+00	-inf	-inf	-inf
8.320000e+00	-inf	-inf	-inf
8.330000e+00	-inf	-inf	-inf
8.340000e+00	-inf	-inf	-inf
8.350000e+00	-inf	-inf	-inf
8.360000e+00	-inf	-inf	-inf
8.370000e+00	-inf	-inf	-inf
8.380000e+00	-inf	-inf	-inf
8.390000e+00	-inf	-inf	-inf
8.400000e+00	-inf	-inf	-inf
8.410000e+00	-inf	-inf	-inf
8.420000e+00	-inf	-inf	-inf
8.430000e+00	-inf	-inf	-inf
8.440000e+00	-inf	-inf	-inf
8.450000e+00	-inf	-inf	-inf
8.460000e+00	-inf	-inf	-inf
8.470000e+00	-inf	-inf	-inf
8.480000e+00	-inf	-inf	-inf
8.490000e+00	-inf	-inf	-inf
8.500000e+00	-inf	-inf	-inf
